[
    {
        "width": [
            960.0
        ],
        "height": [
            540.0
        ],
        "T": [
            -1474.117878597218,
            185.00528308355146,
            4211.2836219538585
        ],
        "K": [
            1950.093348415767,
            0.0,
            180.74927508547052,
            0.0,
            1950.093348415767,
            302.0367325572772,
            0.0,
            0.0,
            1.0
        ],
        "kc": [
            0.0,
            0.0,
            0.0,
            0.0,
            0.0
        ],
        "R": [
            0.9938067072721815,
            0.08609475297935963,
            0.07025611781366645,
            -0.09067550880158941,
            0.2628239211478599,
            0.9605735466772112,
            0.06423535385126805,
            -0.9609949427452189,
            0.26900286119986866
        ],
        "C": [
            1211.2503896100816,
            4125.312263850623,
            -1206.9927252053644
        ],
        "P": [
            1949.6263431059317,
            -5.806334143453796,
            185.6280601917391,
            -2113481.0079857213,
            -157.42427018629732,
            222.275407924158,
            1954.4568292847387,
            1632739.917009929,
            0.06423535385126805,
            -0.9609949427452189,
            0.26900286119986866,
            4211.2836219538585
        ],
        "Pinv": [
            0.00046370676812020767,
            -4.0735807045580696e-05,
            0.24851006465522904,
            -0.00011222383182517412,
            0.00015440021200851126,
            -0.116182755029885,
            8.177896507493104e-05,
            0.00048683626543168524,
            -0.14770761349635472,
            -3.790570597806803e-08,
            4.7572558252630816e-09,
            0.00021658944886536192
        ],
        "Kinv": [
            0.0005127959647738857,
            -1.2451384324638215e-19,
            -0.09268749889963428,
            3.5575383784680614e-20,
            0.0005127959647738855,
            -0.15488321766886104,
            -6.776263578034403e-21,
            8.673617379884035e-19,
            1.0
        ]
    },
    {
        "width": [
            960.0
        ],
        "height": [
            540.0
        ],
        "T": [
            -1966.4131999666088,
            236.22337037239058,
            3405.6721113384538
        ],
        "K": [
            1663.417987512615,
            0.0,
            426.4744312046329,
            0.0,
            1663.417987512615,
            273.2345156432226,
            0.0,
            0.0,
            1.0
        ],
        "kc": [
            0.0,
            0.0,
            0.0,
            0.0,
            0.0
        ],
        "R": [
            0.982134442935042,
            0.1841306814096714,
            0.038830763117463876,
            -0.08207530609598282,
            0.23345343605102384,
            0.9688978982974528,
            0.16933865515565322,
            -0.9547750443741083,
            0.24439524240560445
        ],
        "C": [
            1373.9583029244898,
            3558.580586180671,
            -984.8490631281607
        ],
        "P": [
            1705.9187051722954,
            -100.9008564680239,
            168.82011183247937,
            -1818535.0111541494,
            -90.256375069532,
            127.45314797610314,
            1678.4594077753545,
            1323485.3731294828,
            0.16933865515565322,
            -0.9547750443741083,
            0.24439524240560445,
            3405.6721113384538
        ],
        "Pinv": [
            0.000485785682058309,
            -3.677035168034098e-05,
            0.2736855382318054,
            -0.0001603407724861636,
            0.00017290479796314465,
            -0.15281051486711045,
            9.835378701820375e-05,
            0.0005734632418210764,
            -0.1703365224215608,
            -7.616377954150574e-08,
            9.149483284723961e-09,
            0.00024940282000930505
        ],
        "Kinv": [
            0.0006011718085935487,
            -1.5585406229479126e-19,
            -0.25638440512619415,
            -2.371692252312041e-20,
            0.0006011718085935492,
            -0.16426088793941843,
            -2.710505431213761e-20,
            5.827586677109586e-19,
            0.9999999999999999
        ]
    },
    {
        "width": [
            960.0
        ],
        "height": [
            540.0
        ],
        "T": [
            -1810.7703906868003,
            209.83295242795884,
            3554.3688123043135
        ],
        "K": [
            1726.2729614446052,
            0.0,
            338.4881371565404,
            0.0,
            1726.2729614446052,
            280.5698617164503,
            0.0,
            0.0,
            1.0
        ],
        "kc": [
            0.0,
            0.0,
            0.0,
            0.0,
            0.0
        ],
        "R": [
            0.9854045501867246,
            0.16550993183626458,
            0.03980370503927831,
            -0.0788804332817247,
            0.23675139789960806,
            0.9683628725007318,
            0.1508500902107327,
            -0.9573689142938244,
            0.24635139988901483
        ],
        "C": [
            1264.7162405521462,
            3652.864449956588,
            -1006.7428026667142
        ],
        "P": [
            1752.1381970971531,
            -38.34270019141297,
            152.09908620896113,
            -1922772.2867829157,
            -93.84517021093717,
            140.08867288326002,
            1740.777421865358,
            1359477.7183539625,
            0.1508500902107327,
            -0.9573689142938244,
            0.24635139988901483,
            3554.3688123043135
        ],
        "Pinv": [
            0.0004876876772989875,
            -3.6059752858684806e-05,
            0.2776117937959814,
            -0.00014425548738381092,
            0.00016497265374205037,
            -0.1411354183191249,
            8.923899753341438e-05,
            0.0005532866916366137,
            -0.1633467502531597,
            -6.573814192003515e-08,
            7.617767817144024e-09,
            0.0002428685147308495
        ],
        "Kinv": [
            0.0005792826640597819,
            3.3881317890172014e-20,
            -0.19608030984467362,
            0.0,
            0.0005792826640597816,
            -0.16252925694998996,
            -2.710505431213761e-20,
            -5.149960319306146e-19,
            1.0000000000000002
        ]
    },
    {
        "width": [
            960.0
        ],
        "height": [
            540.0
        ],
        "T": [
            -1698.8912995603328,
            194.38654076978838,
            4197.141700963093
        ],
        "K": [
            2060.972743651833,
            0.0,
            281.5809131655982,
            0.0,
            2060.972743651833,
            281.64088955611186,
            0.0,
            0.0,
            1.0
        ],
        "kc": [
            0.0,
            0.0,
            0.0,
            0.0,
            0.0
        ],
        "R": [
            0.9839492386727937,
            0.17581041672142447,
            0.03057111524738354,
            -0.07408696378746296,
            0.24661586643579625,
            0.9662772563911854,
            0.16234228503992693,
            -0.953032691881218,
            0.255682754001232
        ],
        "C": [
            1004.6507350262899,
            4250.757235640477,
            -1209.0310406184274
        ],
        "P": [
            2073.605050908532,
            93.98466125634474,
            135.00161862025834,
            -2319533.6699784873,
            -106.96898745466464,
            239.8556037587748,
            2063.4818065139707,
            1582712.0845115976,
            0.16234228503992693,
            -0.953032691881218,
            0.255682754001232,
            4197.141700963093
        ],
        "Pinv": [
            0.0004371010166191455,
            -3.133430754739808e-05,
            0.2533780699586825,
            -8.528749039578686e-05,
            0.00013917902032699957,
            -0.09961725376989629,
            6.33543705761257e-05,
            0.0004632934791324309,
            -0.13969209888957151,
            -4.013216048796809e-08,
            4.591907588791791e-09,
            0.00021434691756429136
        ],
        "Kinv": [
            0.00048520777534791795,
            -3.8963515573697816e-20,
            -0.13662524845751503,
            1.4230153513872246e-19,
            0.0004852077753479175,
            -0.13665434946852945,
            5.421010862427522e-20,
            9.486769009248164e-19,
            0.9999999999999998
        ]
    },
    {
        "width": [
            960.0
        ],
        "height": [
            540.0
        ],
        "T": [
            -1982.8254520854573,
            213.09124911724433,
            3388.1726533186875
        ],
        "K": [
            1711.4014089695963,
            0.0,
            415.0740081911839,
            0.0,
            1711.4014089695963,
            281.52794201788214,
            0.0,
            0.0,
            1.0
        ],
        "kc": [
            0.0,
            0.0,
            0.0,
            0.0,
            0.0
        ],
        "R": [
            0.9723352842682307,
            0.23251833466090283,
            0.02234544726648839,
            -0.07789547823022096,
            0.23257361695864032,
            0.9694543863256593,
            0.22021895794482405,
            -0.9443753156141343,
            0.24425166083447572
        ],
        "C": [
            1198.430143313468,
            3611.190488325745,
            -989.8419223331414
        ],
        "P": [
            1755.463141041347,
            5.94655806116009,
            139.6245458058435,
            -1987067.8687830823,
            -71.3126411720318,
            132.15877665483708,
            1727.8892700986685,
            1318549.9382684205,
            0.22021895794482405,
            -0.9443753156141343,
            0.24425166083447572,
            3388.1726533186875
        ],
        "Pinv": [
            0.0004783201395276117,
            -3.586156878754778e-05,
            0.29447725193293744,
            -0.00013482163376964395,
            0.00016498679700480424,
            -0.14327584535670015,
            8.725291884285354e-05,
            0.000558494404615722,
            -0.16617371214778018,
            -7.4957530787266e-08,
            8.055572339682458e-09,
            0.00024804891778998405
        ],
        "Kinv": [
            0.0005843164524458826,
            2.371692252312041e-19,
            -0.2425345719687659,
            0.0,
            0.0005843164524458829,
            -0.1645014083442792,
            2.710505431213761e-20,
            -7.182839392716467e-19,
            0.9999999999999997
        ]
    },
    {
        "width": [
            960.0
        ],
        "height": [
            540.0
        ],
        "T": [
            -1646.4347799070165,
            202.43195421500408,
            3368.712958264983
        ],
        "K": [
            1537.3305528864666,
            0.0,
            251.3062510949977,
            0.0,
            1537.3305528864666,
            298.8042688871827,
            0.0,
            0.0,
            1.0
        ],
        "kc": [
            0.0,
            0.0,
            0.0,
            0.0,
            0.0
        ],
        "R": [
            0.9853314802312116,
            0.16283848174107726,
            0.05104412727856323,
            -0.09227169807710608,
            0.2567617837526568,
            0.9620599358346243,
            0.14355419812508688,
            -0.9526578689479318,
            0.26802085167435863
        ],
        "C": [
            1157.369871513096,
            3425.357058110985,
            -1013.5961625421663
        ],
        "P": [
            1550.8562566400535,
            10.927695544748758,
            145.82701186033228,
            -1684535.8659292492,
            -98.95749340419826,
            110.06949694597904,
            1559.0899076976384,
            1317790.6406803867,
            0.14355419812508688,
            -0.9526578689479318,
            0.26802085167435863,
            3368.712958264983
        ],
        "Pinv": [
            0.00055302796358045,
            -4.921220617581213e-05,
            0.2957944931730763,
            -0.00015425203342860742,
            0.00019900688903699352,
            -0.15498285188112,
            0.00011019135617472249,
            0.0006163331706081744,
            -0.18599884527200586,
            -7.595556035748633e-08,
            9.338865228304458e-09,
            0.0002552142034354896
        ],
        "Kinv": [
            0.0006504781929445276,
            -5.759824041329242e-20,
            -0.16346923608793787,
            -1.0842021724855044e-19,
            0.0006504781929445274,
            -0.19436566086984522,
            1.3552527156068805e-20,
            5.421010862427522e-20,
            1.0000000000000004
        ]
    },
    {
        "width": [
            960.0
        ],
        "height": [
            540.0
        ],
        "T": [
            -877.0338218387898,
            165.8800021223262,
            3647.657483804882
        ],
        "K": [
            1425.9414267775894,
            0.0,
            -67.63061499540439,
            0.0,
            1425.9414267775894,
            313.14517500291095,
            0.0,
            0.0,
            1.0
        ],
        "kc": [
            0.0,
            0.0,
            0.0,
            0.0,
            0.0
        ],
        "R": [
            0.9889706579677552,
            -0.08406825371916736,
            0.12194083153494951,
            -0.09370156693588601,
            0.282475716889955,
            0.9546871140437927,
            -0.11470420233184532,
            -0.9555835903175167,
            0.2714828684895225
        ],
        "C": [
            1301.305574025698,
            3365.0538602509823,
            -1041.6937839550683
        ],
        "P": [
            1417.9717468099723,
            -55.24969976231968,
            155.5199299447287,
            -1497292.1781673194,
            -169.5320135606281,
            103.55743615219609,
            1446.3414558892287,
            1378781.508016937,
            -0.11470420233184532,
            -0.9555835903175167,
            0.2714828684895225,
            3647.657483804882
        ],
        "Pinv": [
            0.0006368005536456922,
            -5.497743201180491e-05,
            0.28217514032908675,
            -0.00020572133627970782,
            0.00022585647186474308,
            -0.16981635911199722,
            0.00013094893307818403,
            0.0006609204860796292,
            -0.19606996011722014,
            -4.361446387453806e-08,
            8.249131538575532e-09,
            0.00025312754488357664
        ],
        "Kinv": [
            0.0007012910777547491,
            2.541098841762901e-21,
            0.04742874687934361,
            5.336307567702092e-20,
            0.0007012910777547489,
            -0.21960591727149073,
            -2.710505431213761e-20,
            -4.0657581468206416e-19,
            0.9999999999999997
        ]
    },
    {
        "width": [
            960.0
        ],
        "height": [
            540.0
        ],
        "T": [
            -1533.0071990674014,
            215.69167565512822,
            4201.462994429299
        ],
        "K": [
            2029.231580757065,
            0.0,
            191.1358608188231,
            0.0,
            2029.231580757065,
            284.51532692039734,
            0.0,
            0.0,
            1.0
        ],
        "kc": [
            0.0,
            0.0,
            0.0,
            0.0,
            0.0
        ],
        "R": [
            0.9885328028504337,
            0.1419749954954777,
            0.051439268489401994,
            -0.08630625548112977,
            0.25167362065267657,
            0.9639562328925513,
            0.12391177487830468,
            -0.9573418873744279,
            0.2610409598604721
        ],
        "C": [
            1013.4327074229843,
            4185.601298046121,
            -1225.8144991058628
        ],
        "P": [
            2029.6459659153506,
            105.11777879603733,
            154.27647668163948,
            -2307776.3757368294,
            -139.88058010040857,
            238.32561901095926,
            2030.360584287494,
            1633068.9773497996,
            0.12391177487830468,
            -0.9573418873744279,
            0.2610409598604721,
            4201.462994429299
        ],
        "Pinv": [
            0.000448959298439973,
            -3.715863574459821e-05,
            0.26104721826386,
            -8.775238971867679e-05,
            0.00014621467274780867,
            -0.10503287720479026,
            7.153895096743322e-05,
            0.0004685362695093688,
            -0.14282074724108593,
            -3.768091699263224e-08,
            5.301645113864375e-09,
            0.00021525427430994096
        ],
        "Kinv": [
            0.0004927973768410009,
            -2.879912020664621e-20,
            -0.09419125083176277,
            1.1858461261560205e-20,
            0.0004927973768410012,
            -0.1402084067774317,
            -2.710505431213761e-20,
            9.486769009248164e-20,
            1.0000000000000002
        ]
    },
    {
        "width": [
            960.0
        ],
        "height": [
            540.0
        ],
        "T": [
            -2278.5162138716696,
            226.6150169357637,
            3799.677668607777
        ],
        "K": [
            2065.3690176544064,
            0.0,
            573.5024651591627,
            0.0,
            2065.3690176544064,
            269.6857543630964,
            0.0,
            0.0,
            1.0
        ],
        "kc": [
            0.0,
            0.0,
            0.0,
            0.0,
            0.0
        ],
        "R": [
            0.9495847658745658,
            0.31349903447396976,
            -0.0026697945304596793,
            -0.07740405919885249,
            0.24269113091391908,
            0.9670106651920979,
            0.303804845317659,
            -0.9180519431707618,
            0.25472189855193367
        ],
        "C": [
            1026.8247213086272,
            4147.616645427755,
            -1193.0834180280876
        ],
        "P": [
            2135.475782790917,
            120.98614031451632,
            140.5695258428415,
            -2526852.284596987,
            -77.9361068213408,
            253.6612118106046,
            2065.928734992916,
            1492762.5733094546,
            0.303804845317659,
            -0.9180519431707618,
            0.25472189855193367,
            3799.677668607777
        ],
        "Pinv": [
            0.00040220611891351364,
            -3.175244088832237e-05,
            0.2799485499621188,
            -8.070789890438491e-05,
            0.00014062842063317647,
            -0.10892028972949942,
            6.558611393890558e-05,
            0.00046155078867631737,
            -0.1377114866541674,
            -5.6055394482957945e-08,
            5.5751168645720805e-09,
            0.00022371211347759957
        ],
        "Kinv": [
            0.00048417497863683355,
            1.5585406229479126e-19,
            -0.2776755438166091,
            -3.049318610115481e-20,
            0.0004841749786368336,
            -0.1305750943574105,
            0.0,
            -2.846030702774449e-19,
            1.0000000000000004
        ]
    },
    {
        "width": [
            960.0
        ],
        "height": [
            540.0
        ],
        "T": [
            -2277.0410095306393,
            234.61434540410212,
            3631.834275970443
        ],
        "K": [
            1966.9457364997193,
            0.0,
            570.4153231541172,
            0.0,
            1966.9457364997193,
            267.48575475965134,
            0.0,
            0.0,
            1.0
        ],
        "kc": [
            0.0,
            0.0,
            0.0,
            0.0,
            0.0
        ],
        "R": [
            0.9528407346598902,
            0.3034609017454106,
            0.0024526484996390263,
            -0.07828364637096566,
            0.23797929969553996,
            0.9681102848473855,
            0.2931999404564506,
            -0.9226469173135965,
            0.2505123966753966
        ],
        "C": [
            1123.1703013588124,
            3986.0602593636386,
            -1131.3672883440158
        ],
        "P": [
            2041.4317593867654,
            70.59918738591045,
            147.72033621320617,
            -2407162.1833614283,
            -75.5528770985441,
            221.2974618570383,
            1971.2288947434613,
            1432937.618884197,
            0.2931999404564506,
            -0.9226469173135965,
            0.2505123966753966,
            3631.834275970443
        ],
        "Pinv": [
            0.000413876959761249,
            -3.253053727495433e-05,
            0.28715052960534876,
            -9.60957616348862e-05,
            0.00014678668548220473,
            -0.121606447234856,
            7.23113979910918e-05,
            0.00048486751594589505,
            -0.1433764704414691,
            -6.28129045767606e-08,
            6.471911761146878e-09,
            0.00023115736776396073
        ],
        "Kinv": [
            0.0005084024340089579,
            9.486769009248164e-20,
            -0.2900005386875597,
            -3.7269449679189215e-20,
            0.000508402434008958,
            -0.13599040878252988,
            -1.6263032587282567e-19,
            -4.87890977618477e-19,
            1.0000000000000002
        ]
    },
    {
        "width": [
            960.0
        ],
        "height": [
            540.0
        ],
        "T": [
            -1495.2600334256158,
            214.85161613073953,
            3868.486484085829
        ],
        "K": [
            1812.8934434510081,
            0.0,
            167.98868426305415,
            0.0,
            1812.8934434510081,
            290.0565935887195,
            0.0,
            0.0,
            1.0
        ],
        "kc": [
            0.0,
            0.0,
            0.0,
            0.0,
            0.0
        ],
        "R": [
            0.993981954685479,
            0.08311539536518525,
            0.07135618272387473,
            -0.08942200683644919,
            0.23938900036381158,
            0.9667970889479119,
            0.06327383703377004,
            -0.9673596733160338,
            0.24538069196438408
        ],
        "C": [
            1260.6999701125446,
            3815.0638367126026,
            -1050.273759185976
        ],
        "P": [
            1812.6126571895,
            -11.826123422115757,
            170.58233539645926,
            -2060885.1563006476,
            -143.75957626072685,
            153.39769757669973,
            1823.874391344823,
            1511583.0981162083,
            0.06327383703377004,
            -0.9673596733160338,
            0.24538069196438408,
            3868.486484085829
        ],
        "Pinv": [
            0.0004879957215491651,
            -4.066272457361008e-05,
            0.2758619313681755,
            -0.00013659687489473037,
            0.0001582630796965102,
            -0.13461039389293925,
            8.958649619511007e-05,
            0.000526072615278926,
            -0.1578330272162569,
            -4.782192395415424e-08,
            6.871458755243563e-09,
            0.0002303375419685092
        ],
        "Kinv": [
            0.0005516043999234774,
            1.9989977555201488e-19,
            -0.09266329737685651,
            6.945670167485263e-20,
            0.0005516043999234776,
            -0.15999649325035362,
            4.0657581468206416e-20,
            -1.3552527156068805e-19,
            1.0000000000000002
        ]
    },
    {
        "width": [
            960.0
        ],
        "height": [
            540.0
        ],
        "T": [
            -2196.646565516471,
            249.62117812867757,
            3586.8136850020246
        ],
        "K": [
            1899.9538953223016,
            0.0,
            517.675850974733,
            0.0,
            1899.9538953223016,
            268.6356485306756,
            0.0,
            0.0,
            1.0
        ],
        "kc": [
            0.0,
            0.0,
            0.0,
            0.0,
            0.0
        ],
        "R": [
            0.9646812998501345,
            0.2625867279127501,
            0.020933228215699096,
            -0.08484288678093199,
            0.23449177242805225,
            0.968408639586734,
            0.24938258616457798,
            -0.9359817407340947,
            0.24848844385653218
        ],
        "C": [
            1245.7535726315525,
            3875.468238101846,
            -1087.0341526479094
        ],
        "P": [
            1961.9493359058717,
            14.367532426432604,
            168.40863512090564,
            -2316720.3721281337,
            -94.20452046324226,
            194.08549451073435,
            1906.6846213143638,
            1437814.7501697445,
            0.24938258616457798,
            -0.9359817407340947,
            0.24848844385653218,
            3586.8136850020246
        ],
        "Pinv": [
            0.00042660914838698265,
            -3.5435813671528486e-05,
            0.2897513675602948,
            -0.00011418443872561663,
            0.0001521008090762136,
            -0.13472303356613038,
            8.18112658301042e-05,
            0.0005016563363316589,
            -0.14825274997342944,
            -6.512537786452996e-08,
            7.400677834951128e-09,
            0.00023376788534716945
        ],
        "Kinv": [
            0.0005263285611624609,
            1.0503208545953324e-19,
            -0.2724675857920838,
            -5.421010862427522e-20,
            0.0005263285611624609,
            -0.14139061436809516,
            -5.421010862427522e-20,
            -6.098637220230962e-19,
            1.0000000000000002
        ]
    },
    {
        "width": [
            960.0
        ],
        "height": [
            540.0
        ],
        "T": [
            -2334.727288063652,
            239.3471361912078,
            3593.545924764331
        ],
        "K": [
            1981.9164973024454,
            0.0,
            590.8082367139385,
            0.0,
            1981.9164973024454,
            264.14815900752365,
            0.0,
            0.0,
            1.0
        ],
        "kc": [
            0.0,
            0.0,
            0.0,
            0.0,
            0.0
        ],
        "R": [
            0.9548150669933926,
            0.2971502523579762,
            0.005469494125992985,
            -0.07802845151059806,
            0.2328814403449417,
            0.9693697929571168,
            0.28677473493538697,
            -0.925995659960918,
            0.2455448821219496
        ],
        "C": [
            1217.3704983218631,
            3965.6332272185364,
            -1101.6229171627604
        ],
        "P": [
            2061.7926086284274,
            41.84112425958813,
            155.91001948080526,
            -2504137.9975549765,
            -78.89485702476517,
            216.95151970756189,
            1986.070213214598,
            1423594.578134937,
            0.28677473493538697,
            -0.925995659960918,
            0.2455448821219496,
            3593.545924764331
        ],
        "Pinv": [
            0.0004039166349195094,
            -3.138964232533479e-05,
            0.2939016431121822,
            -0.00010365858594805404,
            0.00014350014552494875,
            -0.1290818756615758,
            7.320490270043502e-05,
            0.0004818855154242876,
            -0.1398881158902529,
            -6.394674804110775e-08,
            6.555571218394397e-09,
            0.00023111879070756411
        ],
        "Kinv": [
            0.0005045621252767633,
            -2.0328790734103208e-19,
            -0.29809945954740175,
            0.0,
            0.0005045621252767629,
            -0.13327915649678043,
            -2.710505431213761e-20,
            7.657177843178875e-19,
            1.0000000000000002
        ]
    },
    {
        "width": [
            960.0
        ],
        "height": [
            540.0
        ],
        "T": [
            -2180.0888273541814,
            234.5883163656816,
            3488.4058473334476
        ],
        "K": [
            1829.95072339311,
            0.0,
            504.53660957054825,
            0.0,
            1829.95072339311,
            268.72673417003193,
            0.0,
            0.0,
            1.0
        ],
        "kc": [
            0.0,
            0.0,
            0.0,
            0.0,
            0.0
        ],
        "R": [
            0.9678515078244874,
            0.25082478134510927,
            0.018718650192905195,
            -0.07887505767634724,
            0.2320001079406031,
            0.9695125967165673,
            0.23883505621750573,
            -0.9398206632005527,
            0.2443254733810092
        ],
        "C": [
            1295.3518190722436,
            3770.871685669192,
            -1038.934417605181
        ],
        "P": [
            1891.6215963911045,
            -15.17694094814965,
            157.52535343282307,
            -2229426.6676583276,
            -80.15610418985862,
            171.9938278257882,
            1839.8170642364403,
            1366712.9700465112,
            0.23883505621750573,
            -0.9398206632005527,
            0.2443254733810092,
            3488.4058473334476
        ],
        "Pinv": [
            0.0004379942322077109,
            -3.332093029762446e-05,
            0.29297511172792623,
            -0.00012755247245871152,
            0.00015525372700090379,
            -0.1423447872225478,
            8.313570805211954e-05,
            0.000521957453646734,
            -0.1513645541993598,
            -7.017446027475497e-08,
            7.551118230244324e-09,
            0.00023885721822886375
        ],
        "Kinv": [
            0.0005464628020943601,
            3.7269449679189215e-20,
            -0.27571048942510984,
            3.3881317890172014e-21,
            0.0005464628020943603,
            -0.14684916415222168,
            2.710505431213761e-20,
            2.710505431213761e-20,
            1.0
        ]
    },
    {
        "width": [
            960.0
        ],
        "height": [
            540.0
        ],
        "T": [
            -1736.6330336007438,
            211.2394714111666,
            4475.757377252593
        ],
        "K": [
            2248.909036094873,
            0.0,
            269.90378718879737,
            0.0,
            2248.909036094873,
            287.38704930477866,
            0.0,
            0.0,
            1.0
        ],
        "kc": [
            0.0,
            0.0,
            0.0,
            0.0,
            0.0
        ],
        "R": [
            0.9870066444827094,
            0.1527045695595996,
            0.04999198118298741,
            -0.08678123508544204,
            0.24476582308594305,
            0.9656907937254586,
            0.13522906856156336,
            -0.9574815957942369,
            0.25483738487767793
        ],
        "C": [
            1127.1474641865416,
            4498.94291275043,
            -1257.7645922416984
        ],
        "P": [
            2256.1869992056245,
            84.99077746712385,
            181.20899351047967,
            -2697505.8549868907,
            -156.30002075298273,
            275.28826068623994,
            2244.987716175356,
            1761333.062089195,
            0.13522906856156336,
            -0.9574815957942369,
            0.25483738487767793,
            4475.757377252593
        ],
        "Pinv": [
            0.0004011913900783989,
            -3.400351024773846e-05,
            0.25517638367276624,
            -8.253991907339045e-05,
            0.00012713689565176561,
            -0.09977809114101625,
            6.428821506490774e-05,
            0.0004242881956223364,
            -0.1282229771235838,
            -3.3439308572186206e-08,
            4.067469482869753e-09,
            0.00020167157901471383
        ],
        "Kinv": [
            0.0004446600480277557,
            -1.2536087619363645e-19,
            -0.1200154309742438,
            5.759824041329242e-20,
            0.0004446600480277557,
            -0.12778953914641802,
            -4.743384504624082e-20,
            1.748276003132876e-18,
            1.0
        ]
    },
    {
        "width": [
            960.0
        ],
        "height": [
            540.0
        ],
        "T": [
            -1773.9554688765545,
            211.57200733966687,
            4418.617631459276
        ],
        "K": [
            2227.0221443407663,
            0.0,
            288.7693981663736,
            0.0,
            2227.0221443407663,
            285.8494845003827,
            0.0,
            0.0,
            1.0
        ],
        "kc": [
            0.0,
            0.0,
            0.0,
            0.0,
            0.0
        ],
        "R": [
            0.986195243191345,
            0.15866708841041602,
            0.047367682676325934,
            -0.08567703154159997,
            0.24415765736175998,
            0.9659433133563466,
            0.14169823066285467,
            -0.9566670232672279,
            0.25438124541726304
        ],
        "C": [
            1141.4830062320175,
            4456.957199985233,
            -1244.3518621647409
        ],
        "P": [
            2237.1967580204055,
            77.09895891357712,
            178.94639739023998,
            -2674676.558098672,
            -150.3002803149321,
            270.2817342155521,
            2223.891896891566,
            1734235.1176250011,
            0.14169823066285467,
            -0.9566670232672279,
            0.25438124541726304,
            4418.617631459276
        ],
        "Pinv": [
            0.0004028038673174601,
            -3.369766087058196e-05,
            0.25705090885257087,
            -8.504233237382996e-05,
            0.00012827401014277673,
            -0.10182329851667482,
            6.490422942270063e-05,
            0.0004285335090814277,
            -0.1289045652503406,
            -3.506621796762103e-08,
            4.182196371543273e-09,
            0.0002034473964395753
        ],
        "Kinv": [
            0.00044903011069789584,
            4.743384504624082e-20,
            -0.12966615482481145,
            2.541098841762901e-20,
            0.00044903011069789606,
            -0.12835502566814327,
            5.421010862427522e-20,
            -1.0028870095490916e-18,
            0.9999999999999996
        ]
    },
    {
        "width": [
            960.0
        ],
        "height": [
            540.0
        ],
        "T": [
            -2214.4748506939886,
            231.33756444225392,
            3532.7340908088777
        ],
        "K": [
            1889.3611301074704,
            0.0,
            519.7144695779416,
            0.0,
            1889.3611301074704,
            268.821767183368,
            0.0,
            0.0,
            1.0
        ],
        "kc": [
            0.0,
            0.0,
            0.0,
            0.0,
            0.0
        ],
        "R": [
            0.9656917854551603,
            0.2592172896413944,
            0.015677125227362157,
            -0.07818323500515743,
            0.23263589979615026,
            0.9694162779168524,
            0.24764239796237092,
            -0.9373830246366771,
            0.24492102370854518
        ],
        "C": [
            1281.7321499672105,
            3831.737713594781,
            -1054.786651127773
        ],
        "P": [
            1953.2438606050857,
            2.583549859843174,
            156.9087509615783,
            -2347929.6823371183,
            -81.14469819503076,
            187.54426533190056,
            1897.4175368032525,
            1386756.023471098,
            0.24764239796237092,
            -0.9373830246366771,
            0.24492102370854518,
            3532.7340908088777
        ],
        "Pinv": [
            0.00042496874660494086,
            -3.2380808536437846e-05,
            0.2951540974202083,
            -0.00012035316576543381,
            0.00015003480591778737,
            -0.13888468484419642,
            7.919542187629464e-05,
            0.0005056856827828155,
            -0.14586926474460332,
            -6.72153385206393e-08,
            7.021724677363407e-09,
            0.00023563778474187675
        ],
        "Kinv": [
            0.0005292794395230934,
            -3.5914196963582334e-19,
            -0.2750741831702547,
            2.371692252312041e-20,
            0.0005292794395230934,
            -0.1422818342664204,
            -2.710505431213761e-20,
            1.1384122811097797e-18,
            1.0
        ]
    },
    {
        "width": [
            960.0
        ],
        "height": [
            540.0
        ],
        "T": [
            -2196.0665240223707,
            236.950395388214,
            3589.0799067551397
        ],
        "K": [
            1888.115876095335,
            0.0,
            510.22879644777447,
            0.0,
            1888.115876095335,
            268.14415499022647,
            0.0,
            0.0,
            1.0
        ],
        "kc": [
            0.0,
            0.0,
            0.0,
            0.0,
            0.0
        ],
        "R": [
            0.9696761332378347,
            0.2434032285017037,
            0.021978739360313443,
            -0.0806660479262807,
            0.2338686591017044,
            0.9689161155651845,
            0.23069717237295337,
            -0.9413077704156693,
            0.24641123353898792
        ],
        "C": [
            1320.5965613886074,
            3857.543215579858,
            -1065.7078900253155
        ],
        "P": [
            1948.5692424408478,
            -20.708830759197667,
            167.22451384257852,
            -2315176.1477895696,
            -90.44674740689754,
            189.16495148721208,
            1895.4996324006584,
            1409780.6021688115,
            0.23069717237295337,
            -0.9413077704156693,
            0.24641123353898792,
            3589.0799067551397
        ],
        "Pinv": [
            0.00042708417831465253,
            -3.3391624927922554e-05,
            0.2886115440128846,
            -0.00012371160567353702,
            0.00015112113969398453,
            -0.13916157905485113,
            8.143222685578019e-05,
            0.000505635244148832,
            -0.14608333147008362,
            -6.548854569677322e-08,
            7.066059532622067e-09,
            0.00023360327796082797
        ],
        "Kinv": [
            0.0005296285109725481,
            1.0842021724855044e-19,
            -0.27023171771795,
            -1.3552527156068805e-20,
            0.000529628510972548,
            -0.14201678953346575,
            1.0842021724855044e-19,
            -4.472333961502706e-19,
            1.0
        ]
    },
    {
        "width": [
            960.0
        ],
        "height": [
            540.0
        ],
        "T": [
            -1969.4892774779732,
            217.7474974520937,
            4015.8119757184536
        ],
        "K": [
            2055.8958068194393,
